Date,Adj Close,daily_return
2017-01-03,103.53083038330078,
2017-01-04,103.67800903320312,0.0014215924798193225
2017-01-05,102.30451965332033,-0.013247644246746071
2017-01-06,101.55890655517578,-0.007288173588725133
2017-01-09,101.03895568847656,-0.005119697369100118
2017-01-10,100.65634155273438,-0.003786798202090158
2017-01-11,102.72637176513672,0.020565323361348753
2017-01-12,103.12860870361328,0.0039156151586488
2017-01-13,103.57008361816406,0.004280819067573827
2017-01-17,103.57008361816406,0.0
2017-01-18,105.0318603515625,0.014113889670955837
2017-01-19,103.7564926147461,-0.012142674923089958
2017-01-20,103.53083038330078,-0.0021749215471575933
2017-01-23,102.8539047241211,-0.006538396887898146
2017-01-24,102.1279296875,-0.007058312842554093
2017-01-25,101.53929901123048,-0.005763660127750203
2017-01-26,102.92257690429688,0.013623079010161465
2017-01-27,102.05924224853516,-0.008388195104797047
2017-01-30,102.32415771484376,0.002595702853284809
2017-01-31,103.26594543457033,0.009203962590643933
2017-02-01,101.89246368408205,-0.013300432632542214
2017-02-02,102.41242980957033,0.005103087183174093
2017-02-03,103.68781280517578,0.01245340041220544
2017-02-06,102.4222412109375,-0.012205596395559293
2017-02-07,102.80486297607422,0.003735729277283717
2017-02-08,104.83563995361328,0.01975370540605348
2017-02-09,105.59104919433594,0.007205652973138799
2017-02-10,104.93374633789062,-0.0062249865065321375
2017-02-13,107.54335021972656,0.024869062364674566
2017-02-14,106.67022705078124,-0.008118802019477789
2017-02-15,106.24835968017578,-0.0039548745912448835
2017-02-16,106.86642456054688,0.005817171034278257
2017-02-17,106.4151382446289,-0.0042229008575306315
2017-02-21,108.61270141601562,0.02065085106909237
2017-02-22,109.54471588134766,0.008581081707581983
2017-02-23,109.0836181640625,-0.004209219162926936
2017-02-24,109.0541763305664,-0.0002699015121758741
2017-02-27,110.65330505371094,0.01466361745099265
2017-02-28,113.57685089111328,0.026420772845269003
2017-03-01,113.17462158203124,-0.0035414726321973955
2017-03-02,113.0961456298828,-0.0006934059160211836
2017-03-03,112.80181121826172,-0.0026025149661980107
2017-03-06,112.98822021484376,0.0016525354918401902
2017-03-07,113.2236785888672,0.002083919665038625
2017-03-08,112.47808074951172,-0.006585175898257689
2017-03-09,114.3813247680664,0.01692102146366814
2017-03-10,115.56838989257812,0.010378137575506763
2017-03-13,115.41140747070312,-0.0013583508606541672
2017-03-14,113.92021942138672,-0.012920629615360557
2017-03-15,114.47942352294922,0.004908734414336369
2017-03-16,113.9398422241211,-0.004713347449028293
2017-03-17,113.45912170410156,-0.004219073070804713
2017-03-20,114.84241485595705,0.012191995946020828
2017-03-21,114.86203002929688,0.00017080077395137394
2017-03-22,114.66580963134766,-0.0017083138605435977
2017-03-23,115.89214324951172,0.010694849860710454
2017-03-24,116.0491180419922,0.0013544903742310765
2017-03-27,115.56838989257812,-0.004142454139463014
2017-03-28,116.30419158935548,0.0063668075453962025
2017-03-29,117.5108871459961,0.010375340219045404
2017-03-30,116.66717529296876,-0.007179861147496025
2017-03-31,118.08971405029295,0.012193136190637777
2017-04-03,117.2852554321289,-0.006812266628247077
2017-04-04,117.17733001708984,-0.0009201959329109277
2017-04-05,116.82413482666016,-0.003014193875028326
2017-04-06,117.79537963867188,0.008313734259216332
2017-04-07,118.87454986572266,0.009161396910142505
2017-04-10,119.67903137207033,0.0067674830925239515
2017-04-11,121.690185546875,0.016804565943988825
2017-04-12,120.7385482788086,-0.007820164492228776
2017-04-13,121.4547348022461,0.005931713886303314
2017-04-17,122.60255432128906,0.009450595078996704
2017-04-18,122.7791519165039,0.0014404071447977618
2017-04-19,122.70065307617188,-0.0006393499149222048
2017-04-20,121.9256362915039,-0.006316321594367125
2017-04-21,121.43509674072266,-0.004023268327330687
2017-04-24,121.12117004394533,-0.002585139759451849
2017-04-25,121.67057800292967,0.004536019250680923
2017-04-26,121.30755615234376,-0.0029836453195543067
2017-04-27,122.95575714111328,0.013586960623455546
2017-04-28,124.0937728881836,0.00925548972679846
2017-05-01,124.83936309814452,0.006008280613989836
2017-05-02,126.53658294677734,0.013595229954021182
2017-05-03,125.4181900024414,-0.008838494910253347
2017-05-04,125.76156616210938,0.002737849746207388
2017-05-05,127.16447448730467,0.011155302593694794
2017-05-08,128.93038940429688,0.013886857348421655
2017-05-09,127.29202270507812,-0.012707374163597684
2017-05-10,126.74260711669922,-0.0043161824025048645
2017-05-11,125.30046081542967,-0.011378543759492654
2017-05-12,125.11406707763672,-0.0014875742401898595
2017-05-15,127.93951416015624,0.02258296887404554
2017-05-16,128.2926788330078,0.002760403423210489
2017-05-17,131.54000854492188,0.02531188639486559
2017-05-18,129.49937438964844,-0.015513410542135952
2017-05-19,130.2842559814453,0.006060890992687362
2017-05-22,131.29473876953125,0.007755985406477928
2017-05-23,131.76564025878906,0.0035865983181886385
2017-05-24,131.53018188476562,-0.001786948202589067
2017-05-25,132.9821319580078,0.011038911772464965
2017-05-26,133.44322204589844,0.003467308585759721
2017-05-30,135.36610412597656,0.014409739592594173
2017-05-31,135.5623016357422,0.0014493843272835871
2017-06-01,135.63101196289062,0.0005068542383785957
2017-06-02,136.06263732910156,0.0031823501127383746
2017-06-05,135.3170166015625,-0.005479981442191195
2017-06-06,134.39488220214844,-0.0068146225993828136
2017-06-07,133.3255157470703,-0.007956898637476728
2017-06-08,131.7263946533203,-0.011994111440631228
2017-06-09,131.7558135986328,0.0002233337167538707
2017-06-12,129.91140747070312,-0.013998669793412688
2017-06-13,129.54843139648438,-0.0027940277246292222
2017-06-14,130.3921356201172,0.0065126548777008075
2017-06-15,129.7152099609375,-0.005191460788339541
2017-06-16,130.52951049804688,0.006277602583032449
2017-06-19,130.44122314453125,-0.0006763784923329297
2017-06-20,129.06773376464844,-0.010529565322773493
2017-06-21,128.59683227539062,-0.00364848343983859
2017-06-22,128.75381469726562,0.001220733194569057
2017-06-23,129.41111755371094,0.005105113646463932
2017-06-26,130.2842559814453,0.006747012499694893
2017-06-27,133.1685333251953,0.02213834144442428
2017-06-28,131.80490112304688,-0.010239898030704242
2017-06-29,131.97166442871094,0.001265228411410746
2017-06-30,132.34446716308594,0.0028248695353567665
2017-07-03,131.7362060546875,-0.004596044862600013
2017-07-05,131.86375427246094,0.0009682092842455692
2017-07-06,131.81468200683594,-0.0003721437016240836
2017-07-07,134.09072875976562,0.017267020018389534
2017-07-10,131.94223022460938,-0.01602272248818526
2017-07-11,131.06907653808594,-0.00661769688929037
2017-07-12,133.6688690185547,0.019835284943915177
2017-07-13,133.33534240722656,-0.0024951704445246303
2017-07-14,133.90431213378906,0.004267208650687415
2017-07-17,133.42361450195312,-0.0035898592373608817
2017-07-18,134.88540649414062,0.010956021523207182
2017-07-19,135.83702087402344,0.007054983964660089
2017-07-20,133.2372283935547,-0.01913905696503626
2017-07-21,134.01226806640625,0.005816990357696783
2017-07-24,133.60018920898438,-0.0030749338352938915
2017-07-25,132.88400268554688,-0.005360669978672017
2017-07-26,133.00177001953125,0.0008862416212962465
2017-07-27,133.42361450195312,0.0031717208151433862
2017-07-28,135.03253173828125,0.012058714211377941
2017-07-31,134.94424438476562,-0.0006538228409043167
2017-08-01,134.8265380859375,-0.0008722587566796225
2017-08-02,135.38572692871094,0.004147468671316101
2017-08-03,135.7388916015625,0.0026085812800453745
2017-08-04,137.30862426757812,0.01156435453019089
2017-08-07,136.87693786621094,-0.003143913236840379
2017-08-08,135.6015625,-0.009317678975676258
2017-08-09,136.39622497558594,0.005860275213170452
2017-08-10,136.3863983154297,-7.204495694812518e-05
2017-08-11,135.650634765625,-0.0053946988768119875
2017-08-14,137.82855224609375,0.016055343082114648
2017-08-15,138.62319946289062,0.005765476048663842
2017-08-16,140.99737548828125,0.017126830390508996
2017-08-17,139.51597595214844,-0.010506575253636075
2017-08-18,140.19288635253906,0.004851848655832658
2017-08-21,141.33091735839844,0.008117608785067842
2017-08-22,142.8319549560547,0.010620730592512784
2017-08-23,143.4597930908203,0.004395641962324115
2017-08-24,145.2747802734375,0.012651539107324528
2017-08-25,149.21861267089844,0.027147398812359835
2017-08-28,149.4737091064453,0.00170954836652637
2017-08-29,149.1205291748047,-0.0023628230927829064
2017-08-30,150.14080810546875,0.006841974987012334
2017-08-31,150.6411590576172,0.003332544685632488
2017-09-01,148.04135131835938,-0.0172582828990544
2017-09-05,148.29641723632812,0.0017229369746851741
2017-09-06,147.64894104003906,-0.004366094666044651
2017-09-07,147.79608154296875,0.0009965564391674064
2017-09-08,146.6188201904297,-0.007965443604787348
2017-09-11,147.28591918945312,0.004549886557244198
2017-09-12,146.9033203125,-0.002597660924130718
2017-09-13,146.32447814941406,-0.003940293261272765
2017-09-14,145.95169067382812,-0.0025476767817704804
2017-09-15,147.14859008789062,0.008200654672355423
2017-09-18,147.6783447265625,0.0036001339758366946
2017-09-19,142.6651611328125,-0.03394663992904501
2017-09-20,143.3126678466797,0.004538646357146625
2017-09-21,142.262939453125,-0.007324742532025974
2017-09-22,139.91819763183594,-0.016481747321561824
2017-09-25,138.7801971435547,-0.008133327240789967
2017-09-26,139.71217346191406,0.00671548490016427
2017-09-27,140.27139282226562,0.004002653072346707
2017-09-28,141.03662109375,0.005455340936508568
2017-09-29,141.32110595703125,0.0020170992546124644
2017-10-02,140.1634521484375,-0.008191655455525026
2017-10-03,141.0464630126953,0.0062998652696044655
2017-10-04,144.4212646484375,0.023926878871386004
2017-10-05,144.08767700195312,-0.002309823607322792
2017-10-06,144.5291748046875,0.0030640913360577837
2017-10-09,144.931396484375,0.002782979147504694
2017-10-10,145.6083221435547,0.004670662641773848
2017-10-11,148.48281860351562,0.01974129237700417
2017-10-12,149.33633422851562,0.0057482450362091875
2017-10-13,148.0806121826172,-0.008408684011065426
2017-10-16,146.2852325439453,-0.012124339656684802
2017-10-17,145.6475830078125,-0.00435894673060222
2017-10-18,144.60765075683594,-0.0071400584170406844
2017-10-19,145.19630432128906,0.004070694471366432
2017-10-20,145.08837890625,-0.0007433069012572346
2017-10-23,145.18649291992188,0.0006762361976300202
2017-10-24,145.4219207763672,0.0016215548134712598
2017-10-25,143.705078125,-0.01180594123775458
2017-10-26,143.77377319335938,0.00047802812020059093
2017-10-27,143.9405517578125,0.0011600068687689369
2017-10-30,147.3251953125,0.023514176605230253
2017-10-31,154.20237731933594,0.04668028433458615
2017-11-01,149.6895294189453,-0.02926574790118197
2017-11-02,153.14283752441406,0.02306980400615566
2017-11-03,151.60256958007812,-0.010057721074225201
2017-11-06,161.30523681640625,0.06400067797797493
2017-11-07,162.5119171142578,0.007480726116939174
2017-11-08,166.28900146484375,0.02324189153420897
2017-11-09,166.29881286621094,5.9002106457706205e-05
2017-11-10,165.7493896484375,-0.0033038312679685156
2017-11-13,162.07044982910156,-0.022195797083411017
2017-11-14,162.39418029785156,0.0019974675771639028
2017-11-15,162.16856384277344,-0.0013893136728441169
2017-11-16,161.55047607421875,-0.003811390777030854
2017-11-17,162.08026123046875,0.003279378489770668
2017-11-20,162.54135131835938,0.002844825670875295
2017-11-21,164.650634765625,0.012976903601190637
2017-11-22,163.8167266845703,-0.005064712214694622
2017-11-24,166.50482177734375,0.01640916130591097
2017-11-27,169.0850067138672,0.015496157462477234
2017-11-28,168.82992553710938,-0.001508597253625621
2017-11-29,166.54408264160156,-0.013539323009447046
2017-11-30,166.53427124023438,-5.89117380309645e-05
2017-12-01,165.9554443359375,-0.003475722444312268
2017-12-04,159.12728881835938,-0.041144510473281826
2017-12-05,160.76564025878906,0.010295854674554406
2017-12-06,163.2477264404297,0.015439158377655415
2017-12-07,163.5224151611328,0.001682649594531238
2017-12-08,162.0606231689453,-0.008939398251591846
2017-12-11,163.45375061035156,0.00859633521187897
2017-12-12,162.5315399169922,-0.005642028340834937
2017-12-13,162.2960662841797,-0.0014487873118826933
2017-12-14,162.6591033935547,0.002236881753740816
2017-12-15,160.5792236328125,-0.012786740596435586
2017-12-18,158.7250213623047,-0.011546962480947776
2017-12-19,154.99705505371094,-0.023486947909015066
2017-12-20,154.9872283935547,-6.339901201890541e-05
2017-12-21,154.84986877441406,-0.0008862641171427654
2017-12-22,157.1847686767578,0.01507847517614147
2017-12-26,156.79237365722656,-0.0024963934027105728
2017-12-27,158.205078125,0.009010033044476007
2017-12-28,159.912109375,0.010789990247034087
2017-12-29,160.26528930664062,0.0022085877862596526
2018-01-02,157.58702087402344,-0.016711469116015287
2018-01-03,159.55894470214844,0.012513237557180368
2018-01-04,158.68580627441406,-0.00547219981533642
2018-01-05,159.78457641601562,0.006924186651586561
2018-01-08,159.80419921875,0.00012280786528040544
2018-01-09,160.45172119140625,0.004051970948334649
2018-01-10,157.8421173095703,-0.016264106501686526
2018-01-11,154.5163116455078,-0.021070457750764437
2018-01-12,152.98587036132812,-0.0099047231187529
2018-01-16,156.82183837890625,0.025074001988014905
2018-01-17,158.4111328125,0.01013439486504275
2018-01-18,158.58770751953125,0.0011146609704524302
2018-01-19,162.64927673339844,0.025610870334114466
2018-01-22,164.47402954101562,0.01121894203444973
2018-01-23,165.0626678466797,0.0035789133841173104
2018-01-24,165.7493896484375,0.004160370183739381
2018-01-25,167.06402587890625,0.007931469511031963
2018-01-26,169.01632690429688,0.011685945044839885
2018-01-29,166.30862426757812,-0.016020361383500825
2018-01-30,166.49501037597656,0.0011207242511883653
2018-01-31,171.1942596435547,0.02822456515042915
2018-02-01,171.419921875,0.0013181647089988147
2018-02-02,169.92874145507812,-0.0086989913634965
2018-02-05,165.08230590820312,-0.02852039922955696
2018-02-06,162.8552703857422,-0.013490455625809639
2018-02-07,163.35562133789062,0.0030723657328577403
2018-02-08,156.82183837890625,-0.03999729489240944
2018-02-09,156.70407104492188,-0.000750962590425952
2018-02-12,156.6060028076172,-0.0006258180572511485
2018-02-13,158.362060546875,0.011213221126747275
2018-02-14,159.48045349121094,0.007062253045166056
2018-02-15,163.93447875976562,0.02792834589475346
2018-02-16,165.91616821289062,0.012088301790552647
2018-02-20,166.50482177734375,0.0035478975364100496
2018-02-21,166.28900146484375,-0.0012961805561919615
2018-02-22,167.8782958984375,0.009557423639528828
2018-02-23,169.65402221679688,0.010577462136223126
2018-02-26,169.45779418945312,-0.0011566364580085642
2018-02-27,160.10833740234375,-0.05517277521420305
2018-02-28,154.2906494140625,-0.0363359465388845
2018-03-01,152.02442932128906,-0.014687993740253757
2018-03-02,150.0132598876953,-0.01322925165759603
2018-03-05,153.7118377685547,0.024655006388290213
2018-03-06,153.53526306152344,-0.0011487385070310108
2018-03-07,155.76226806640625,0.014504843776445231
2018-03-08,161.09921264648438,0.03426339797390998
2018-03-09,163.33602905273438,0.013884713460136311
2018-03-12,165.7101593017578,0.014535251424882656
2018-03-13,167.1130828857422,0.008466128992306698
2018-03-14,167.00514221191406,-0.0006459139641503686
2018-03-15,166.58331298828125,-0.002525845719753672
2018-03-16,165.49432373046875,-0.00653720494734733
2018-03-19,165.7592315673828,0.0016007064831147222
2018-03-20,166.1221923828125,0.002189686884993325
2018-03-21,163.9246368408203,-0.013228548880020452
2018-03-22,166.20069885253906,0.013884807406521427
2018-03-23,165.6708984375,-0.0031877147250092275
2018-03-26,170.14456176757812,0.02700331423485247
2018-03-27,166.87765502929688,-0.01920077082889038
2018-03-28,167.23080444335938,0.0021162175007822803
2018-03-29,167.68206787109375,0.002698446791764564
2018-04-02,165.91616821289062,-0.010531237362606194
2018-04-03,165.47470092773438,-0.0026607852020171796
2018-04-04,167.1130828857422,0.00990110239705655
2018-04-05,168.43751525878906,0.007925366166288805
2018-04-06,166.51461791992188,-0.011416087062984914
2018-04-09,168.32960510253906,0.010899866962370997
2018-04-10,159.9807891845703,-0.049598024737734114
2018-04-11,161.27578735351562,0.008094710468337984
2018-04-12,161.3346405029297,0.0003649224125941153
2018-04-13,161.42295837402344,0.0005474203854698434
2018-04-16,163.00242614746094,0.009784653864277626
2018-04-17,164.59178161621094,0.009750501917757948
2018-04-18,164.66043090820312,0.0004170882125344999
2018-04-19,162.4727020263672,-0.013286306064968167
2018-04-20,162.55116271972656,0.0004829161599506637
2018-04-23,162.6787109375,0.0007846650595380034
2018-04-24,161.80555725097656,-0.005367350660031356
2018-04-25,161.3739013671875,-0.002667744489884938
2018-04-26,162.09007263183594,0.004437962139979934
2018-04-27,155.9388427734375,-0.037949454636682534
2018-04-30,157.19456481933594,0.008052657205638525
2018-05-01,154.5163116455078,-0.017037823011923137
2018-05-02,152.8975830078125,-0.010476101975621877
2018-05-03,153.2017059326172,0.00198906299773971
2018-05-04,156.12525939941406,0.019083034676407262
2018-05-07,154.61441040039062,-0.00967715925555801
2018-05-08,154.41819763183594,-0.0012690458026943796
2018-05-09,155.92906188964844,0.009784237097590687
2018-05-10,158.88198852539062,0.018937628431523468
2018-05-11,157.0670623779297,-0.01142310820946768
2018-05-14,154.99705505371094,-0.013179130575689757
2018-05-15,154.68307495117188,-0.00202571656881001
2018-05-16,154.76158142089844,0.0005075310905950925
2018-05-17,154.526123046875,-0.0015214265185302667
2018-05-18,154.7027130126953,0.0011427839017661423
2018-05-21,156.74330139160156,0.013190385217994205
2018-05-22,154.31027221679688,-0.015522380562382643
2018-05-23,154.95777893066406,0.00419613486882775
2018-05-24,153.82958984375,-0.0072806224682587795
2018-05-25,154.91854858398438,0.00707899397859979
2018-05-29,155.69358825683594,0.005002884934926843
2018-05-30,155.95846557617188,0.0017012731372019196
2018-05-31,155.07553100585938,-0.00566134430119325
2018-06-01,155.47775268554688,0.0025937146697392333
2018-06-04,156.870849609375,0.008960104579371242
2018-06-05,156.64523315429688,-0.001438230593127643
2018-06-06,154.84986877441406,-0.011461340659593255
2018-06-07,154.57516479492188,-0.0017740020167041903
2018-06-08,154.33975219726562,-0.001522965205753346
2018-06-11,155.0951385498047,0.004894308444745921
2018-06-12,157.70474243164062,0.016825826432966817
2018-06-13,153.40771484375,-0.027247294669995314
2018-06-14,154.0258026123047,0.0040290527056232595
2018-06-15,153.2115020751953,-0.005286780028402327
2018-06-18,154.8596649169922,0.01075743543711205
2018-06-19,155.44833374023438,0.0038013050303171703
2018-06-20,155.79168701171875,0.002208793515009022
2018-06-21,157.52813720703125,0.011145974657697177
2018-06-22,158.98992919921875,0.00927956121430129
2018-06-25,159.44122314453125,0.002838506486451786
2018-06-26,161.07957458496094,0.01027558248812821
2018-06-27,161.13844299316406,0.00036546165679163245
2018-06-28,161.80555725097656,0.004140006850139377
2018-06-29,161.99197387695312,0.0011521027407446205
2018-07-02,161.5701141357422,-0.0026042014990901308
2018-07-03,159.63743591308594,-0.011961854659782722
2018-07-05,162.88470458984375,0.020341523641896675
2018-07-06,162.32553100585938,-0.0034329410204132493
2018-07-09,159.96116638183594,-0.014565574554862182
2018-07-10,162.35496520996094,0.014964874802243289
2018-07-11,161.61915588378906,-0.004532102391942905
2018-07-12,162.1881866455078,0.00352081260793069
2018-07-13,161.4916229248047,-0.004294787031718816
2018-07-16,160.0396728515625,-0.00899086929059012
2018-07-17,160.58905029296875,0.003432757838212952
2018-07-18,159.3627471923828,-0.007636280919208094
2018-07-19,159.54916381835938,0.0011697628790969805
2018-07-20,159.18612670898438,-0.0022753933689574346
2018-07-23,158.45033264160156,-0.004622224829478716
2018-07-24,157.28289794921875,-0.007367827336932309
2018-07-25,157.63607788085938,0.0022455075297167504
2018-07-26,158.3718719482422,0.004667675555458217
2018-07-27,157.03762817382812,-0.008424752186108608
2018-07-30,155.21287536621094,-0.011619844420964753
2018-07-31,155.2521209716797,0.00025285019284737587
2018-08-01,158.50921630859375,0.02097939349574629
2018-08-02,154.2220001220703,-0.027047109854968054
2018-08-03,155.48757934570312,0.008206217158583495
2018-08-06,155.86036682128906,0.0023975386146894984
2018-08-07,155.06568908691406,-0.005098651764923523
2018-08-08,154.2416229248047,-0.005314303679697208
2018-08-09,153.97674560546875,-0.0017172882021934122
2018-08-10,153.14283752441406,-0.005415805339797131
2018-08-13,152.2598876953125,-0.005765531339072871
2018-08-14,151.8674774169922,-0.002577240035179673
2018-08-15,152.1127166748047,0.0016148240688764748
2018-08-16,152.75042724609375,0.004192355413994653
2018-08-17,154.8302459716797,0.013615796453617657
2018-08-20,154.9087371826172,0.0005069501145911204
2018-08-21,153.6431884765625,-0.008169640583686189
2018-08-22,151.18072509765625,-0.016027156187805147
2018-08-23,151.26901245117188,0.0005839855144138539
2018-08-24,153.07415771484375,0.011933344671332113
2018-08-27,153.83938598632812,0.004999068967015852
2018-08-28,153.672607421875,-0.0010841083600525714
2018-08-29,154.54574584960938,0.005681809155078321
2018-08-30,151.33767700195312,-0.02075805341661141
2018-08-31,152.28932189941406,0.006288221917458481
2018-09-04,152.96624755859375,0.004444997526660499
2018-09-05,153.7609100341797,0.005195018432295306
2018-09-06,155.06568908691406,0.008485765676363055
2018-09-07,155.1834259033203,0.000759270584611782
2018-09-10,156.0860137939453,0.005816264754892719
2018-09-11,155.26193237304688,-0.005279662161059018
2018-09-12,155.49737548828125,0.0015164252539938694
2018-09-13,157.97943115234375,0.015962042164818113
2018-09-14,156.63543701171875,-0.008507399544494865
2018-09-17,156.55691528320312,-0.0005013024511799635
2018-09-18,157.75379943847656,0.007645041760744542
2018-09-19,157.46925354003906,-0.0018037340428588289
2018-09-20,157.77340698242188,0.0019315100284353903
2018-09-21,157.48887634277344,-0.001803413167595136
2018-09-24,156.41954040527344,-0.006789914070963299
2018-09-25,155.76226806640625,-0.0042019835703661634
2018-09-26,155.50718688964844,-0.0016376313719896896
2018-09-27,155.49737548828125,-6.309291270345518e-05
2018-09-28,157.58702087402344,0.013438460804759078
2018-10-01,154.40838623046875,-0.02017066269750556
2018-10-02,153.45680236816406,-0.0061627731856763734
2018-10-03,151.68106079101562,-0.011571605492522785
2018-10-04,150.3370361328125,-0.008860860091523981
2018-10-05,149.9250030517578,-0.00274072904224798
2018-10-08,151.965576171875,0.013610625836790735
2018-10-09,152.88775634765625,0.006068349155194497
2018-10-10,150.1015625,-0.018223786614545046
2018-10-11,143.87184143066406,-0.041503372553739704
2018-10-12,144.8136749267578,0.0065463365640430204
2018-10-15,146.3048553466797,0.010297234847993941
2018-10-16,149.9838409423828,0.02514602531122767
2018-10-17,149.45407104492188,-0.003532179827721915
2018-10-18,150.4057159423828,0.006367473905577903
2018-10-19,151.45542907714844,0.006979210385646084
2018-10-22,150.6607666015625,-0.005246840475960468
2018-10-23,151.05319213867188,0.00260469627203741
2018-10-24,151.53392028808594,0.0031825090394166367
2018-10-25,153.1722869873047,0.010811880904974869
2018-10-26,148.34547424316406,-0.03151231100010077
2018-10-29,151.8282012939453,0.0234771371930933
2018-10-30,159.1468963623047,0.048203792220327335
2018-10-31,159.0978546142578,-0.00030815397075178996
2018-11-01,160.72640991210938,0.01023618641370172
2018-11-02,161.7467041015625,0.006348018287791302
2018-11-05,163.4635467529297,0.010614390326551426
2018-11-06,163.06129455566406,-0.00246080673799165
2018-11-07,167.37796020507812,0.026472656562532615
2018-11-08,168.27072143554688,0.005333803980971608
2018-11-09,168.2609100341797,-5.8307240163313345e-05
2018-11-12,168.6435089111328,0.0022738429078708045
2018-11-13,169.20272827148438,0.003315985085712736
2018-11-14,168.78086853027344,-0.0024932206798348178
2018-11-15,166.94630432128906,-0.010869503308992168
2018-11-16,168.76126098632812,0.010871499506489135
2018-11-19,169.86004638671875,0.006510886408223948
2018-11-20,165.57284545898438,-0.025239607658964935
2018-11-21,164.43479919433594,-0.006873387127542929
2018-11-23,162.5021209716797,-0.01175346235788044
2018-11-26,162.90432739257812,0.0024750841311698135
2018-11-27,162.07044982910156,-0.005118817755325966
2018-11-28,165.17056274414062,0.01912818109845471
2018-11-29,165.3569793701172,0.001128631051922513
2018-11-30,167.57415771484375,0.01340843521194146
2018-12-03,166.7403106689453,-0.004975988286435973
2018-12-04,166.6127471923828,-0.0007650428144863053
2018-12-06,168.2609100341797,0.009892177336790375
2018-12-07,164.9841766357422,-0.019474121456801163
2018-12-10,165.6708984375,0.004162349479574612
2018-12-11,168.04507446289062,0.014330676345588156
2018-12-12,165.76901245117188,-0.013544354209687803
2018-12-13,168.95745849609375,0.01923427061412375
2018-12-14,169.23214721679688,0.0016257862964330627
2018-12-17,161.4916229248047,-0.045739089288254986
2018-12-18,162.305908203125,0.005042275652276107
2018-12-19,161.9723663330078,-0.0020550198930513464
2018-12-20,160.30453491210938,-0.01029701213026335
2018-12-21,158.7250213623047,-0.009853205654292263
2018-12-24,155.13438415527344,-0.02262174656656868
2018-12-26,161.15806579589844,0.0388287978414632
2018-12-27,160.0985107421875,-0.006574632479474096
2018-12-28,159.4118194580078,-0.004289179711893132
2018-12-31,158.82315063476562,-0.0036927551874360587
2019-01-02,157.70474243164062,-0.007041846221127579
2019-01-03,159.46084594726562,0.011135388121801038
2019-01-04,159.853271484375,0.0024609523095038277
2019-01-07,161.47198486328125,0.01012624492370473
2019-01-08,164.09141540527344,0.016222198198715843
2019-01-09,161.81536865234375,-0.013870602232958329
2019-01-10,164.86643981933594,0.01885526197173104
2019-01-11,166.573486328125,0.010354117615808844
2019-01-14,165.9554443359375,-0.0037103263299060885
2019-01-15,167.27005004882812,0.00792143769763598
2019-01-16,169.3008270263672,0.01214070885341556
2019-01-17,170.17396545410156,0.005157319329564647
2019-01-18,169.77174377441406,-0.0023635911557575717
2019-01-22,169.87965393066406,0.0006356190603389322
2019-01-23,172.17532348632812,0.013513505016916394
2019-01-24,173.18582153320312,0.0058690062339579185
2019-01-25,173.91180419921875,0.004191928990425087
2019-01-28,174.2551727294922,0.0019743831182390537
2019-01-29,175.3735809326172,0.006418220966451171
2019-01-30,175.42263793945312,0.00027972860321989756
2019-01-31,179.0721435546875,0.020804074423359076
2019-02-01,177.70849609375,-0.007615073086568835
2019-02-04,179.0034637451172,0.007287032864675247
2019-02-05,181.09312438964844,0.011673855917708531
2019-02-06,177.983154296875,-0.01717331954625667
2019-02-07,180.17092895507807,0.012292032169257228
2019-02-08,179.7490997314453,-0.002341272402152761
2019-02-11,180.4848480224609,0.0040931959721346445
2019-02-12,179.73927307128906,-0.004130955918687729
2019-02-13,180.84786987304688,0.006167805081297439
2019-02-14,180.70069885253903,-0.0008137835442084684
2019-02-15,181.9858856201172,0.007112240161433636
2019-02-19,180.07284545898438,-0.010512024900250494
2019-02-20,179.5234375,-0.0030510316954452943
2019-02-21,179.19967651367188,-0.0018034468971669382
2019-02-22,179.0917510986328,-0.0006022634478964894
2019-02-25,177.659423828125,-0.007997728883219035
2019-02-26,177.5613250732422,-0.0005521731004695107
2019-02-27,176.99234008789062,-0.003204442099747018
2019-02-28,177.1394805908203,0.0008313382537155078
2019-03-01,178.66009521484375,0.008584278439519366
2019-03-04,179.02308654785156,0.0020317426371641023
2019-03-05,178.65029907226562,-0.0020823430249946595
2019-03-06,178.8465118408203,0.001098306409637262
2019-03-07,179.90606689453125,0.005924381989926619
2019-03-08,179.9943389892578,0.0004906565756801484
2019-03-11,182.38812255859372,0.013299215868554537
2019-03-12,183.57521057128903,0.006508581787248557
2019-03-13,185.38034057617188,0.00983319043603581
2019-03-14,185.85122680664065,0.002540108778553485
2019-03-15,187.3326568603516,0.00797105340204296
2019-03-18,187.9310760498047,0.00319442001988568
2019-03-19,188.25482177734372,0.0017226833067951475
2019-03-20,188.961181640625,0.003752147523300664
2019-03-21,192.3556365966797,0.017963768677687453
2019-03-22,193.3857421875,0.0053552139622514705
2019-03-25,191.87493896484372,-0.007812381644927369
2019-03-26,191.3059234619141,-0.002965554053069419
2019-03-27,190.07958984375,-0.006410327479526412
2019-03-28,191.23724365234372,0.0060903635658375865
2019-03-29,195.87767028808597,0.024265287174804806
2019-04-01,194.1608123779297,-0.008764949611822614
2019-04-02,195.85801696777344,0.0087412314001869
2019-04-03,196.32891845703125,0.0024043003015561393
2019-04-04,194.3766326904297,-0.009943954166022895
2019-04-05,197.2020721435547,0.014535900812855829
2019-04-08,197.6729736328125,0.002387913494717342
2019-04-09,197.378662109375,-0.0014888809432502814
2019-04-10,198.6932678222656,0.006660323354315434
2019-04-11,199.46832275390625,0.003900760907178613
2019-04-12,200.3708648681641,0.0045247390753435646
2019-04-15,199.2622985839844,-0.005532572237531008
2019-04-16,195.11241149902344,-0.0208262532072111
2019-04-17,193.56236267089844,-0.007944388653782553
2019-04-18,194.4256896972656,0.004460200911243328
2019-04-22,195.59312438964844,0.006004529001288894
2019-04-23,196.19155883789065,0.003059588367994248
2019-04-24,197.0352935791016,0.004300565968325287
2019-04-25,195.75010681152344,-0.006522622136537204
2019-04-26,197.26095581054688,0.0077182537656448336
2019-04-29,196.02479553222656,-0.006266624194539272
2019-04-30,199.87054443359372,0.019618685946977132
2019-05-01,199.9490203857422,0.0003926339039643789
2019-05-02,200.32180786132807,0.001864412613108657
2019-05-03,203.0000762939453,0.013369829581766135
2019-05-06,202.13677978515625,-0.004252690563224193
2019-05-07,200.4787750244141,-0.008202390294850814
2019-05-08,204.00079345703125,0.01756803647761851
2019-05-09,203.3827209472656,-0.003029755420514313
2019-05-10,206.40435791015625,0.014856901062279215
2019-05-13,205.3055877685547,-0.005323386350591708
2019-05-14,205.5017852783203,0.0009556364826601715
2019-05-15,206.4141540527344,0.004439712157139786
2019-05-16,208.2879943847656,0.009078061243573687
2019-05-17,206.00213623046875,-0.010974507489251772
2019-05-20,199.37998962402344,-0.03214600939398349
2019-05-21,201.6070098876953,0.011169728054813532
2019-05-22,202.9216461181641,0.006520786311949633
2019-05-23,206.0511779785156,0.015422365825522366
2019-05-24,204.78561401367188,-0.006141988496545681
2019-05-28,199.96864318847656,-0.023522017639743598
2019-05-29,199.9097900390625,-0.00029431189048267914
2019-05-30,208.58230590820312,0.04338214685456876
2019-05-31,212.3103179931641,0.0178730984333908
2019-06-03,213.30120849609372,0.004667180155424777
2019-06-04,213.3404541015625,0.00018399148202430382
2019-06-05,216.53868103027344,0.014991188343437267
2019-06-06,217.2842712402344,0.0034432195043099245
2019-06-07,216.3228302001953,-0.0044248073482323624
2019-06-10,217.3431396484375,0.004716605488648273
2019-06-11,219.04039001464844,0.00780908184613649
2019-06-12,222.5525360107422,0.016034239145843676
2019-06-13,220.24703979492188,-0.010359334731234071
2019-06-14,222.20916748046875,0.008908758489439172
2019-06-17,223.43551635742188,0.005518894161110177
2019-06-18,225.2013702392578,0.007903192431641726
2019-06-19,229.05694580078125,0.01712056883769053
2019-06-20,229.253173828125,0.0008566779176144568
2019-06-21,227.5166931152344,-0.007574511113169868
2019-06-24,228.11512756347656,0.0026302880902855375
2019-06-25,224.0045166015625,-0.018019896382234557
2019-06-26,219.2660369873047,-0.021153500322880325
2019-06-27,220.5708465576172,0.005950805643411439
2019-06-28,220.5806579589844,4.448185932237614e-05
2019-07-01,220.72776794433597,0.0006669215094050607
2019-07-02,226.05491638183597,0.024134473370126308
2019-07-03,229.85159301757807,0.01679537298507161
2019-07-05,228.2034149169922,-0.007170618567171938
2019-07-08,228.9980926513672,0.003482321834070934
2019-07-09,230.30288696289065,0.0056978392108701925
2019-07-10,231.4997711181641,0.0051970002246055635
2019-07-11,230.7247467041016,-0.0033478409517170293
2019-07-12,229.5376739501953,-0.0051449737007563945
2019-07-15,230.8130340576172,0.0055562125618586755
2019-07-16,227.9090881347656,-0.012581377540952454
2019-07-17,227.45787048339844,-0.0019798142103940597
2019-07-18,227.40879821777344,-0.00021574221863907006
2019-07-19,224.07318115234372,-0.014667933217937468
2019-07-22,225.9372100830078,0.00831883994808269
2019-07-23,228.7528381347656,0.012461993536714733
2019-07-24,229.64556884765625,0.0039025995050812057
2019-07-25,229.36105346679688,-0.0012389325963790832
2019-07-26,232.33367919921875,0.012960464243996883
2019-07-29,232.4906463623047,0.0006756108870094035
2019-07-30,243.72373962402344,0.04831632341979697
2019-07-31,240.76097106933597,-0.012156257569566065
2019-08-01,242.1148223876953,0.005623217552023663
2019-08-02,243.9101409912109,0.007415153627565951
2019-08-05,240.3390655517578,-0.014640946968997759
2019-08-06,243.28228759765625,0.012246124196004349
2019-08-07,243.0369873046875,-0.0010082949128398244
2019-08-08,247.77549743652344,0.019497074023121508
2019-08-09,249.47271728515625,0.0068498292453942344
2019-08-12,250.0122833251953,0.0021628258428849634
2019-08-13,254.84886169433597,0.01934536297502487
2019-08-14,249.92401123046875,-0.019324592745382008
2019-08-15,254.9273834228516,0.02001957382065611
2019-08-16,255.3590850830078,0.00169342992643573
2019-08-19,255.89866638183597,0.002113029574227765
2019-08-20,255.12359619140625,-0.0030288168414024375
2019-08-21,255.48663330078125,0.0014229852306668622
2019-08-22,255.5945281982422,0.000422311320428026
2019-08-23,255.859375,0.0010361990282998779
2019-08-26,259.9700012207031,0.01606595896946561
2019-08-27,260.1861267089844,0.000831347798847748
2019-08-28,258.5258483886719,-0.006381117784075796
2019-08-29,257.9068908691406,-0.0023941804016467394
2019-08-30,257.8185119628906,-0.0003426775684517436
2019-09-03,261.19805908203125,0.013108240728761489
2019-09-04,264.54815673828125,0.01282589031489656
2019-09-05,258.57501220703125,-0.022578666224309596
2019-09-06,257.7693786621094,-0.0031156666610803185
2019-09-09,247.57177734375,-0.03956094929229992
2019-09-10,236.8535003662109,-0.04329361404816723
2019-09-11,237.9833068847656,0.0047700646889652365
2019-09-12,241.57896423339844,0.015108863708553688
2019-09-13,239.2408142089844,-0.009678615983116257
2019-09-16,241.96212768554688,0.01137478772407663
2019-09-17,248.54440307617188,0.02720374239384804
2019-09-18,248.93736267089844,0.001581043829042228
2019-09-19,246.79568481445312,-0.008603280092095544
2019-09-20,252.25796508789065,0.022132803000766366
2019-09-23,251.07907104492188,-0.004673366973994342
2019-09-24,250.2931060791016,-0.003130348390048221
2019-09-25,241.68701171875,-0.03438406472782263
2019-09-26,241.6477203369141,-0.000162571341986828
2019-09-27,232.66835021972656,-0.037158927486128035
2019-09-30,236.91244506835935,0.018240963348151062
2019-10-01,232.9139862060547,-0.016877369448240365
2019-10-02,229.6719512939453,-0.013919451403151095
2019-10-03,233.11045837402344,0.014971384449454783
2019-10-04,232.4227600097656,-0.0029500965724773565
2019-10-07,232.19679260253903,-0.0009722258147913942
2019-10-08,232.9925537109375,0.0034270977625456833
2019-10-09,234.44656372070312,0.006240585746656757
2019-10-10,238.5531311035156,0.01751600585498303
2019-10-11,237.22683715820312,-0.005559742348286156
2019-10-14,236.62754821777344,-0.002526227418485627
2019-10-15,234.8100433349609,-0.007680867661020718
2019-10-16,228.84671020507807,-0.025396414246966592
2019-10-17,235.8219451904297,0.0304799443221222
2019-10-18,239.8106231689453,0.016913938926653715
2019-10-21,241.51022338867188,0.00708725992730197
2019-10-22,240.6751251220703,-0.0034578174575143894
2019-10-23,243.62245178222656,0.012246079268313892
2019-10-24,242.22738647460935,-0.00572634130151628
2019-10-25,239.85972595214844,-0.009774536880077678
2019-10-28,238.24856567382807,-0.006717093801073548
2019-10-29,234.48585510253903,-0.015793213951350027
2019-10-30,237.63943481445312,0.013448912347122421
2019-10-31,236.42123413085935,-0.005126256442012367
2019-11-01,235.95950317382807,-0.0019530012129778118
2019-11-04,230.4775848388672,-0.023232454133972458
2019-11-05,224.74012756347656,-0.024893775589508338
2019-11-06,227.43202209472656,0.01197780992844577
2019-11-07,222.74583435058597,-0.02060478423829326
2019-11-08,224.4454498291016,0.007630290745821666
2019-11-11,224.6026306152344,0.0007003072962827872
2019-11-12,222.4118194580078,-0.009754165172622842
2019-11-13,227.2552032470703,0.021776647486025036
2019-11-14,230.85086059570312,0.01582211230923347
2019-11-15,233.0908203125,0.009703059850055373
2019-11-18,232.0101318359375,-0.004636340783878312
2019-11-19,235.77284240722656,0.0162178717865209
2019-11-20,236.8846740722656,0.004715690126510408
2019-11-21,233.8935089111328,-0.012627094483201096
2019-11-22,228.61956787109372,-0.022548471159338224
2019-11-25,227.82254028320312,-0.003486261457461892
2019-11-26,233.283447265625,0.02397000303672092
2019-11-27,233.7262115478516,0.0018979669900129892
2019-11-29,232.6734161376953,-0.004504395990437504
2019-12-02,228.4129180908203,-0.018311065000883642
2019-12-03,231.19749450683597,0.0121909760590182
2019-12-04,231.58123779296875,0.0016598072870614988
2019-12-05,232.1519317626953,0.002464335950379315
2019-12-06,232.69309997558597,0.0023310950237702688
2019-12-09,233.932861328125,0.0053278818867819044
2019-12-10,231.8173675537109,-0.00904316632731128
2019-12-11,231.98464965820312,0.0007216116128720973
2019-12-12,224.3885955810547,-0.0327437789023548
2019-12-13,231.69927978515625,0.03258046241240797
2019-12-16,230.9121551513672,-0.003397182047863656
2019-12-17,223.94581604003903,-0.030168784777750646
2019-12-18,230.1446685791016,0.027680144459382383
2019-12-19,234.3264312744141,0.018170148025285382
2019-12-20,237.34716796875,0.012891147950776505
2019-12-23,236.7469482421875,-0.00252886828901
2019-12-24,236.29432678222656,-0.0019118365128741877
2019-12-26,237.3864898681641,0.004622045314461198
2019-12-27,237.53411865234372,0.0006218921062508542
2019-12-30,234.66098022460935,-0.012095687322878912
2019-12-31,237.120849609375,0.010482651962039569
2020-01-02,235.03485107421875,-0.008797195769974064
2020-01-03,237.1602020263672,0.009042705549558328
2020-01-06,237.37667846679688,0.000912785697515961
2020-01-07,233.6376495361328,-0.015751458630284376
2020-01-08,236.1762237548828,0.010865432963352184
2020-01-09,237.32749938964844,0.004874646636574553
2020-01-10,240.8991851806641,0.015049607821264743
2020-01-13,246.035400390625,0.021321015287407263
2020-01-14,244.66770935058597,-0.0055589197240217825
2020-01-15,245.49420166015625,0.0033780195668811075
2020-01-16,246.70443725585935,0.004929792995186366
2020-01-17,247.99343872070312,0.00522488155941403
2020-01-21,250.3548889160156,0.009522228521424703
2020-01-22,248.5542907714844,-0.007192182874188768
2020-01-23,250.91574096679688,0.009500742022931163
2020-01-24,249.0856170654297,-0.007293778757425096
2020-01-27,248.68218994140625,-0.0016196323528285816
2020-01-28,247.70806884765625,-0.0039171325215510144
2020-01-29,245.33677673339844,-0.009572930447074746
2020-01-30,249.6661376953125,0.017646604066289928
2020-01-31,245.55325317382807,-0.016473537658934445
2020-02-03,245.5729217529297,8.009903696004628e-05
2020-02-04,250.0892333984375,0.018390918726990835
2020-02-05,250.4827880859375,0.0015736570589306442
2020-02-06,252.3818206787109,0.007581489360146687
2020-02-07,254.6645965576172,0.009044929911224964
2020-02-10,260.48956298828125,0.022873090760953785
2020-02-11,279.4403076171875,0.07275049492005481
2020-02-12,288.1088256835937,0.03102100101564953
2020-02-13,285.12750244140625,-0.010347906681142716
2020-02-14,289.8799133300781,0.016667669193533907
2020-02-18,287.0363464355469,-0.009809465105274029
2020-02-19,285.1964111328125,-0.006410112606235807
2020-02-20,287.4398193359375,0.007866186654362561
2020-02-21,290.9032287597656,0.012049163653906847
2020-02-24,290.7655334472656,-0.0004733371750016424
2020-02-25,286.4164733886719,-0.014957275049184982
2020-02-26,283.6515808105469,-0.009653399280470154
2020-02-27,267.52471923828125,-0.05685447451476355
2020-02-28,260.8338928222656,-0.025010124055325877
2020-03-02,280.47344970703125,0.07529526424753463
2020-03-03,282.0575866699219,0.005648081715204478
2020-03-04,298.3713684082031,0.057838478769133284
2020-03-05,295.4983215332031,-0.009629097089065786
2020-03-06,280.985107421875,-0.049114370721382805
2020-03-09,260.8848571777344,-0.07153493090280338
2020-03-10,277.81658935546875,0.06490116889459485
2020-03-11,270.7304382324219,-0.025506580220737263
2020-03-12,260.1456604003906,-0.039097110399327284
2020-03-13,277.81658935546875,0.06792705643400221
2020-03-16,253.0003967285156,-0.08932581270444084
2020-03-17,270.4939270019531,0.06914428000762829
2020-03-18,256.4892272949219,-0.05177454393247849
2020-03-19,241.59762573242188,-0.05805936459614747
2020-03-20,226.0160675048828,-0.06449383838232003
2020-03-23,212.34652709960935,-0.060480392195913946
2020-03-24,238.73953247070312,0.1242921451628598
2020-03-25,239.62652587890625,0.0037153185273661737
2020-03-26,260.66796875,0.08780932241920048
2020-03-27,257.6029357910156,-0.011758379726064305
2020-03-30,274.6332397460937,0.06611067495323186
2020-03-31,266.0688171386719,-0.031184945476155246
2020-04-01,256.7060852050781,-0.035189136533478105
2020-04-02,270.9670104980469,0.05555351475823378
2020-04-03,260.9734802246094,-0.036880985087701434
2020-04-06,273.4505615234375,0.04780976706173212
2020-04-07,272.6621398925781,-0.002883232809861358
2020-04-08,297.695068359375,0.09180933031868377
2020-04-09,301.3909606933594,0.012415027075701301
2020-04-13,284.8238220214844,-0.054968930168847074
2020-04-14,298.23712158203125,0.047093320584452814
2020-04-15,297.45855712890625,-0.002610555148182203
2020-04-16,304.2391662597656,0.022795138913825008
2020-04-17,310.2805480957031,0.01985734417500762
2020-04-20,295.9310302734375,-0.04624691399552272
2020-04-21,289.7811279296875,-0.020781539327145104
2020-04-22,302.13006591796875,0.04261470743973916
2020-04-23,302.23846435546875,0.00035878070317374444
2020-04-24,301.3712158203125,-0.0028694181496907722
2020-04-27,304.3376770019531,0.00984321337247196
2020-04-28,300.8981018066406,-0.011301838238353956
2020-04-29,287.25811767578125,-0.04533090786868621
2020-04-30,285.7305908203125,-0.005317610753102664
2020-05-01,282.6162109375,-0.010899707566737415
2020-05-04,284.3310546875,0.006067747296984338
2020-05-05,290.25421142578125,0.020831902251378098
2020-05-06,284.1831970214844,-0.020916197475567944
2020-05-07,281.99530029296875,-0.007698895471114797
2020-05-08,287.6424560546875,0.020025708782564156
2020-05-11,292.27447509765625,0.01610339136475769
2020-05-12,284.9913635253906,-0.024918739721736416
2020-05-13,279.9847412109375,-0.0175676281993965
2020-05-14,278.8415222167969,-0.004083147492953354
2020-05-15,279.9946594238281,0.004135457294393463
2020-05-18,285.1490478515625,0.018408881220595585
2020-05-19,280.19171142578125,-0.017385070941432157
2020-05-20,279.6496887207031,-0.0019344708746735773
2020-05-21,277.2252502441406,-0.00866955542719694
2020-05-22,285.7699584960937,0.03082225823379403
2020-05-26,289.2489624023437,0.012174141482746315
2020-05-27,298.9868469238281,0.03366610009801563
2020-05-28,306.6863098144531,0.025751844838132865
2020-05-29,310.0819702148437,0.011072096444229906
2020-06-01,313.5862121582031,0.011301018053166745
2020-06-02,314.1587829589844,0.0018258800246371276
2020-06-03,310.8913879394531,-0.010400457338026525
2020-06-04,296.7164306640625,-0.04559456397084638
2020-06-05,293.3503723144531,-0.011344361153428628
2020-06-08,290.8431701660156,-0.008546783590749785
2020-06-09,304.2777404785156,0.046191802629683254
2020-06-10,302.1752014160156,-0.006909933862376816
2020-06-11,286.2629089355469,-0.05265916066541054
2020-06-12,293.5379638671875,0.025413892979333275
2020-06-15,295.5121765136719,0.006725578594588999
2020-06-16,298.14776611328125,0.00891871743054029
2020-06-17,294.05126953125,-0.013739819806245945
2020-06-18,285.56207275390625,-0.028869784479680916
2020-06-19,298.4043884277344,0.04497206351662619
2020-06-22,293.2911071777344,-0.017135409023109283
2020-06-23,289.99420166015625,-0.011241068811473354
2020-06-24,284.0616760253906,-0.020457393978235316
2020-06-25,285.56207275390625,0.005281939998064145
2020-06-26,290.39892578125,0.01693800924155675
2020-06-29,285.4534606933594,-0.017029901452238594
2020-06-30,294.08087158203125,0.03022352879420742
2020-07-01,297.4667053222656,0.011513274297712872
2020-07-02,296.70660400390625,-0.002555248384977782
2020-07-06,298.4932861328125,0.006021713385532701
2020-07-07,301.55328369140625,0.010251478678928283
2020-07-08,299.2730712890625,-0.00756155719623075
2020-07-09,303.8138122558594,0.015172567806513548
2020-07-10,300.4971008300781,-0.010916921127299029
2020-07-13,287.9706420898437,-0.041685788999733964
2020-07-14,293.2911071777344,0.01847572047372359
2020-07-15,289.1354675292969,-0.014168993013208508
2020-07-16,287.80279541015625,-0.004609161686487284
2020-07-17,293.8044738769531,0.020853440489498
2020-07-20,296.90399169921875,0.010549593685097225
2020-07-21,293.024658203125,-0.013065952646482915
2020-07-22,294.3572692871094,0.0045477779657048245
2020-07-23,294.8310241699219,0.001609455353217104
2020-07-24,294.8310241699219,0.0
2020-07-27,300.5661926269531,0.019452391325432083
2020-07-28,308.2163391113281,0.025452451646383212
2020-07-29,313.4776306152344,0.01707012522138185
2020-07-30,307.39703369140625,-0.019397227521128935
2020-07-31,307.5253295898437,0.00041736218758137156
2020-08-03,301.4545593261719,-0.019740716225777555
2020-08-04,306.3111877441406,0.01611064841356047
2020-08-05,302.530517578125,-0.012342579433218703
2020-08-06,303.36962890625,0.0027736419282340385
2020-08-07,307.2686462402344,0.012852365439617763
2020-08-10,296.95330810546875,-0.03357107293889239
2020-08-11,291.83026123046875,-0.017252028299278743
2020-08-12,300.4674987792969,0.029596785173717777
2020-08-13,300.70440673828125,0.0007884645092959275
2020-08-14,299.2632141113281,-0.004792722004262062
2020-08-17,303.7742919921875,0.015073947174747637
2020-08-18,303.5078125,-0.000877228584551748
2020-08-19,294.3769836425781,-0.030084328908079994
2020-08-20,295.94647216796875,0.005331559913312578
2020-08-21,301.5039367675781,0.01877861411524151
2020-08-24,298.0882568359375,-0.01132880707383166
2020-08-25,301.004638671875,0.0097836186735214
2020-08-26,300.0061340332031,-0.0033172400368233212
2020-08-27,302.4480895996094,0.008139685457684731
2020-08-28,302.70513916015625,0.0008498964595451408
2020-08-31,302.5865173339844,-0.0003918725215600327
2020-09-01,303.1302490234375,0.0017969461899485228
2020-09-02,310.5943603515625,0.02462344603407729
2020-09-03,303.27850341796875,-0.023554377887972322
2020-09-04,296.872314453125,-0.02112312245228587
2020-09-08,302.3096923828125,0.018315543972848403
2020-09-09,309.7935485839844,0.024755594642645873
2020-09-10,299.9271240234375,-0.03184838614504626
2020-09-11,301.10357666015625,0.003922461633135921
2020-09-14,306.165283203125,0.01681051616561069
2020-09-15,319.6697998046875,0.044108582332644586
2020-09-16,318.4736328125,-0.0037418830083990606
2020-09-17,308.7950134277344,-0.030390645841829822
2020-09-18,305.18658447265625,-0.011685515627416598
2020-09-21,301.5879821777344,-0.011791482581516632
2020-09-22,309.6354064941406,0.026683504622089682
2020-09-23,301.6571655273437,-0.02576656544912248
2020-09-24,302.7842102050781,0.0037361773779323038
2020-09-25,310.44598388671875,0.02530440301510839
2020-09-28,306.9463195800781,-0.011273021679409578
2020-09-29,310.2977294921875,0.010918553826266164
2020-09-30,314.85528564453125,0.014687687724310283
2020-10-01,311.59283447265625,-0.010361748144696148
2020-10-02,314.4993591308594,0.00932795731045033
2020-10-05,318.2659912109375,0.011976596996850608
2020-10-06,311.45440673828125,-0.021402175101208787
2020-10-07,309.7441101074219,-0.005491322626545947
2020-10-08,311.7312316894531,0.006415365190776567
2020-10-09,311.0491027832031,-0.00218819558936445
2020-10-12,310.3570251464844,-0.0022249787269154053
2020-10-13,305.30523681640625,-0.016277344866589494
2020-10-14,303.1105041503906,-0.007188650574426303
2020-10-15,307.0056457519531,0.012850566206804581
2020-10-16,306.71893310546875,-0.0009339002407663388
2020-10-19,304.2770690917969,-0.007961243177747379
2020-10-20,303.1203308105469,-0.003801595318052131
2020-10-21,303.7728271484375,0.0021525983959764794
2020-10-22,290.6637878417969,-0.043154087973230504
2020-10-23,298.67156982421875,0.027549981516033828
2020-10-26,299.877685546875,0.004038267597301193
2020-10-27,298.394775390625,-0.00494505002446477
2020-10-28,292.0577087402344,-0.02123719037002192
2020-10-29,291.66229248046875,-0.0013538976987500506
2020-10-30,287.06512451171875,-0.015761955135348393
2020-11-02,290.1793212890625,0.010848398190622444
2020-11-03,287.69793701171875,-0.008551209873676413
2020-11-04,298.5825500488281,0.037833476145732625
2020-11-05,302.3393249511719,0.012582031005259342
2020-11-06,303.1302490234375,0.0026160145472089447
2020-11-09,294.0844116210937,-0.02984142107719645
2020-11-10,287.3321228027344,-0.022960376516179104
2020-11-11,295.1916198730469,0.027353353302959293
2020-11-12,293.590087890625,-0.00542539785889129
2020-11-13,300.5400695800781,0.0236723989538854
2020-11-16,292.0478515625,-0.028256525093122042
2020-11-17,295.3794860839844,0.011407837803495635
2020-11-18,295.5824279785156,0.0006870548026938206
2020-11-19,294.8299255371094,-0.002545829420756207
2020-11-20,287.2453308105469,-0.025725321853760863
2020-11-23,283.4530029296875,-0.01320240043644294
2020-11-24,277.1357727050781,-0.022286693594057327
2020-11-25,279.8290100097656,0.009718114981690062
2020-11-27,282.9183349609375,0.011040045315759306
2020-11-30,284.3540344238281,0.005074607352997695
2020-12-01,285.93829345703125,0.005571431530462467
2020-12-02,281.6806640625,-0.014890028694848678
2020-12-03,283.5816955566406,0.006748888854219759
2020-12-04,283.6312561035156,0.00017476638179236836
2020-12-07,280.9974060058594,-0.009286177178917776
2020-12-08,278.0863342285156,-0.010359781674579072
2020-12-09,273.1652526855469,-0.017696236518134234
2020-12-10,272.8880310058594,-0.0010148497181178273
2020-12-11,272.9078369140625,7.257888200573603e-05
2020-12-14,271.4720764160156,-0.005260972034668909
2020-12-15,273.5712280273437,0.007732477089508194
2020-12-16,273.0464172363281,-0.0019183698329676702
2020-12-17,279.2646484375,0.022773531563279326
2020-12-18,274.20489501953125,-0.01811813076333979
2020-12-21,272.2147216796875,-0.007257978890938488
2020-12-22,273.204833984375,0.0036372474588370896
2020-12-23,270.2938232421875,-0.010655048447473559
2020-12-24,272.313720703125,0.0074729693661095276
2020-12-28,273.5315856933594,0.004472286549094262
2020-12-29,273.2840881347656,-0.0009048225928511844
2020-12-30,271.85821533203125,-0.005217547836269265
2020-12-31,279.353759765625,0.02757152078129832
2021-01-04,272.9176940917969,-0.02303912315061707
2021-01-05,269.8977355957031,-0.011065455122444279
2021-01-06,262.0358581542969,-0.029129097448905794
2021-01-07,262.6398620605469,0.002305042945283997
2021-01-08,265.1845092773437,0.009688731926801752
2021-01-11,257.7979431152344,-0.027854440601521202
2021-01-12,258.6396179199219,0.003264862374449784
2021-01-13,262.8081970214844,0.016117326243704655
2021-01-14,261.5209655761719,-0.0048979881902514455
2021-01-15,266.4519958496094,0.01885520062444579
2021-01-19,266.4915466308594,0.0001484349221101411
2021-01-20,269.85809326171875,0.012632845857293518
2021-01-21,270.00665283203125,0.000550509968098023
2021-01-22,270.0263977050781,7.31273575660385e-05
2021-01-25,273.808837890625,0.014007668204639945
2021-01-26,274.7494812011719,0.003435401566265872
2021-01-27,269.0263671875,-0.020830299619315373
2021-01-28,267.2044372558594,-0.006772309906600382
2021-01-29,266.0262145996094,-0.004409442703684596
2021-02-01,275.53173828125,0.035731530052206306
2021-02-02,279.12603759765625,0.01304495568759978
2021-02-03,269.4422607421875,-0.03469320504390683
2021-02-04,271.5413818359375,0.007790615651634969
2021-02-05,271.16510009765625,-0.0013857252096793893
2021-02-08,264.3825378417969,-0.02501266665001034
2021-02-09,264.03594970703125,-0.0013109342908759203
2021-02-10,263.4022827148437,-0.002399926952714848
2021-02-11,262.4120788574219,-0.0037592835081607934
2021-02-12,261.3427429199219,-0.004075025593928583
2021-02-16,256.9464416503906,-0.016821975695259006
2021-02-17,257.005859375,0.00023124556319098488
2021-02-18,260.2139587402344,0.012482592315350205
2021-02-19,259.194091796875,-0.00391933987053128
2021-02-22,257.1444702148437,-0.007907670918816945
2021-02-23,246.34181213378903,-0.04201007345026342
2021-02-24,248.04486083984372,0.006913356247983504
2021-02-25,253.99575805664065,0.02399121351133049
2021-02-26,252.61944580078125,-0.005418642682814001
2021-03-01,245.50018310546875,-0.02818176832248631
2021-03-02,243.90603637695312,-0.006493464519457315
2021-03-03,236.8065948486328,-0.029107280958591053
2021-03-04,233.5984649658203,-0.013547468493701142
2021-03-05,239.8067779541016,0.026576856954901862
2021-03-08,240.4305877685547,0.002601301847158455
2021-03-09,246.1177673339844,0.02365414325278925
2021-03-10,247.97378540039065,0.007541178706889529
2021-03-11,256.6981506347656,0.03518261101788722
2021-03-12,259.0702819824219,0.009240936647928466
2021-03-15,263.4969787597656,0.017086856676382878
2021-03-16,267.9137268066406,0.016762044360674855
2021-03-17,265.7202453613281,-0.00818726786214874
2021-03-18,265.6706237792969,-0.00018674370093163528
2021-03-19,264.08258056640625,-0.005977488930841934
2021-03-22,272.0526123046875,0.030180073676904673
2021-03-23,272.09228515625,0.0001458278647883393
2021-03-24,270.4248352050781,-0.0061282514872272875
2021-03-25,270.3255615234375,-0.0003671026796238097
2021-03-26,280.4593200683594,0.03748723756574268
2021-03-29,279.29803466796875,-0.004140655408091165
2021-03-30,274.1766052246094,-0.018336790122593483
2021-03-31,275.476806640625,0.004742204080287804
2021-04-01,279.0796813964844,0.013078686368538817
2021-04-05,282.9803161621094,0.013976778051725702
2021-04-06,283.3277282714844,0.0012276900177607963
2021-04-07,282.06719970703125,-0.0044490123580325225
2021-04-08,277.5512084960937,-0.01601033801742313
2021-04-09,273.6307373046875,-0.014125217514451505
2021-04-12,278.39483642578125,0.01741068700110593
2021-04-13,280.0225830078125,0.005846899328052713
2021-04-14,278.9308166503906,-0.0038988511058460906
2021-04-15,286.28546142578125,0.026367272227969307
2021-04-16,286.17626953125,-0.0003814091501099792
2021-04-19,285.9380798339844,-0.0008323181291578496
2021-04-20,289.8387451171875,0.013641643272794823
2021-04-21,289.1737060546875,-0.0022945140140980813
2021-04-22,292.36968994140625,0.011052124794895146
2021-04-23,294.2753295898437,0.006517911103641971
2021-04-26,294.56317138671875,0.0009781377095940957
2021-04-27,292.578125,-0.006738949670366923
2021-04-28,295.65496826171875,0.0105163134178905
2021-04-29,295.8534240722656,0.0006712412502778431
2021-04-30,297.481201171875,0.005501971473589551
2021-05-03,296.4291687011719,-0.003536467066015736
2021-05-04,294.6822814941406,-0.005893101595519035
2021-05-05,292.0123596191406,-0.009060340721751547
2021-05-06,289.3722229003906,-0.009041181415038069
2021-05-07,288.7370300292969,-0.0021950720242848165
2021-05-10,289.87841796875,0.003953036225860407
2021-05-11,289.2729797363281,-0.002088593682359474
2021-05-12,282.12677001953125,-0.02470403465719695
2021-05-13,281.0548400878906,-0.00379946196373504
2021-05-14,286.464111328125,0.01924631946755584
2021-05-17,286.3450012207031,-0.00041579417006076813
2021-05-18,289.1539001464844,0.009809491745295995
2021-05-19,286.8068542480469,-0.008116943597331727
2021-05-20,291.5009155273437,0.01636662865538474
2021-05-21,289.3328857421875,-0.007437471615600599
2021-05-24,294.912109375,0.01928306081937725
2021-05-25,297.1000366210937,0.007418912877909634
2021-05-26,296.8414611816406,-0.0008703312271308716
2021-05-27,295.5087890625,-0.0044895080149370825
2021-05-28,296.4834289550781,0.0032981756504439907
2021-06-01,300.6106262207031,0.013920498964042682
2021-06-02,307.91033935546875,0.02428295109370593
2021-06-03,307.7313537597656,-0.0005812912813444315
2021-06-04,311.0132141113281,0.01066469279605653
2021-06-07,313.4696655273437,0.00789822201939061
2021-06-08,315.677490234375,0.007043184556046578
2021-06-09,314.9713439941406,-0.0022369230055335754
2021-06-10,316.90069580078125,0.006125483614396687
2021-06-11,315.597900390625,-0.004111052539232163
2021-06-14,318.2532653808594,0.008413759999504888
2021-06-15,317.97479248046875,-0.00087500406337504
2021-06-16,315.5482177734375,-0.007631343000814472
2021-06-17,320.11297607421875,0.014466119735966121
2021-06-18,316.6918640136719,-0.010687202070039481
2021-06-21,319.3571472167969,0.008416014132304861
2021-06-22,319.26763916015625,-0.00028027572709954374
2021-06-23,315.47857666015625,-0.0118679817032733
2021-06-24,313.9967346191406,-0.004697124149295018
2021-06-25,317.3482360839844,0.010673682542937657
2021-06-28,321.0677185058594,0.011720507628379062
2021-06-29,320.2422790527344,-0.002570920106718666
2021-06-30,316.9504699707031,-0.010279120832415667
2021-07-01,318.2830810546875,0.00420447738761065
2021-07-02,321.0677185058594,0.008748933314157048
2021-07-06,324.4092712402344,0.010407625998420045
2021-07-07,328.9840087890625,0.014101747250744978
2021-07-08,327.1044006347656,-0.005713372395258376
2021-07-09,327.5220642089844,0.0012768509791010185
2021-07-12,328.7851257324219,0.003856416594368861
2021-07-13,327.34307861328125,-0.004385986488677718
2021-07-14,329.9586486816406,0.007990302038581865
2021-07-15,330.49566650390625,0.0016275306751658558
2021-07-16,332.2758483886719,0.005386400080815035
2021-07-19,332.69354248046875,0.0012570702740581918
2021-07-20,333.45928955078125,0.002301658951969099
2021-07-21,330.1376342773437,-0.009961201794414842
2021-07-22,332.2658996582031,0.006446600326309726
2021-07-23,335.18975830078125,0.008799755393454012
2021-07-26,336.3334655761719,0.0034121187985831636
2021-07-27,338.919189453125,0.007687976789712447
2021-07-28,338.4517517089844,-0.0013792011744595545
2021-07-29,336.58209228515625,-0.005524153485356287
2021-07-30,339.1180419921875,0.007534416610859962
2021-08-02,340.48052978515625,0.004017739029644751
2021-08-03,344.1204528808594,0.010690546969014392
2021-08-04,347.1537170410156,0.0088145419278709
2021-08-05,345.02545166015625,-0.006130613835852783
2021-08-06,345.10504150390625,0.00023067818147048946
2021-08-09,344.6873474121094,-0.0012103390028052052
2021-08-10,339.4263610839844,-0.015263067726808521
2021-08-11,344.5878601074219,0.015206535541181454
2021-08-12,348.29742431640625,0.01076522024840898
2021-08-13,351.8677062988281,0.010250670068632228
2021-08-16,350.5151672363281,-0.0038438851826638754
2021-08-17,357.7253723144531,0.02057030836917728
2021-08-18,351.70855712890625,-0.01681964895757493
2021-08-19,357.88446044921875,0.017559718679375003
2021-08-20,360.171875,0.006391488884178065
2021-08-23,356.12420654296875,-0.011238158051711467
2021-08-24,350.70416259765625,-0.015219532527504631
2021-08-25,348.233642578125,-0.007044455934689164
2021-08-26,349.1302185058594,0.0025746390299818955
2021-08-27,351.4711303710937,0.0067049820988067665
2021-08-30,357.2587890625,0.016466953303662546
2021-08-31,357.5874938964844,0.0009200748702276051
2021-09-01,364.9689636230469,0.020642415779505097
2021-09-02,365.2976989746094,0.0009007213881946363
2021-09-03,365.068603515625,-0.0006271472818675239
2021-09-07,363.753662109375,-0.0036019022002633516
2021-09-08,367.1604919433594,0.009365760922456445
2021-09-09,358.2648620605469,-0.02422817835254676
2021-09-10,351.4612121582031,-0.018990558725778484
2021-09-13,351.30181884765625,-0.00045351607811316974
2021-09-14,355.19677734375,0.011087214147851743
2021-09-15,354.09100341796875,-0.0031131305133185183
2021-09-16,354.0611267089844,-8.437579236975079e-05
2021-09-17,351.3416442871094,-0.007680827452459238
2021-09-20,352.06884765625,0.002069789849751924
2021-09-21,352.9852905273437,0.002603021758938784
2021-09-22,357.0993957519531,0.01165517469145283
2021-09-23,352.2879638671875,-0.013473648911205949
2021-09-24,343.6015930175781,-0.02465701852046276
2021-09-27,334.7059631347656,-0.02588937322638496
2021-09-28,330.32293701171875,-0.013095153973346152
2021-09-29,331.49835205078125,0.003558381533222965
2021-09-30,329.296875,-0.006640989426228039
2021-10-01,332.28533935546875,0.009075289145907384
2021-10-04,332.8730773925781,0.001768775108313303
2021-10-05,329.4861755371094,-0.01017475454007466
2021-10-06,335.5227966308594,0.01832131828872474
2021-10-07,336.5986328125,0.0032064473485664546
2021-10-08,328.589599609375,-0.02379401584672025
2021-10-11,328.5497741699219,-0.00012120115639835394
2021-10-12,332.6340026855469,0.012431079966326974
2021-10-13,325.4418029785156,-0.02162196182279763
2021-10-14,325.61114501953125,0.00052034508002885
2021-10-15,325.6410217285156,9.175579350206853e-05
2021-10-18,322.15447998046875,-0.0107067031344521
2021-10-19,330.9006652832031,0.027149041364455506
2021-10-20,335.0147705078125,0.012433052139947387
2021-10-21,338.8499755859375,0.011447868618782442
2021-10-22,344.2889099121094,0.016051157497553037
2021-10-25,347.87506103515625,0.010416109900148518
2021-10-26,352.7661437988281,0.014059883307293353
2021-10-27,348.00457763671875,-0.013497798033659247
2021-10-28,351.660400390625,0.010505099613151048
2021-10-29,344.0000305175781,-0.021783430447493424
2021-11-01,346.0620422363281,0.005994219580874871
2021-11-02,356.9599304199219,0.03149113989263097
2021-11-03,350.64434814453125,-0.017692692476606764
2021-11-04,345.1356506347656,-0.01571021332274547
2021-11-05,342.88433837890625,-0.006522977999284696
2021-11-08,346.6497802734375,0.010981667790175509
2021-11-09,348.1141357421875,0.004224308082915629
2021-11-10,341.2008361816406,-0.019859289959046178
2021-11-11,341.6092834472656,0.00119708752826031
2021-11-12,342.446044921875,0.0024494693650167765
2021-11-15,346.7294921875,0.012508385858572835
2021-11-16,346.04217529296875,-0.0019822856434709157
2021-11-17,349.5245361328125,0.010063400037569004
2021-11-18,344.48553466796875,-0.01441673171387614
2021-11-19,344.236083984375,-0.0007241252781025054
2021-11-22,343.06866455078125,-0.0033913337035484936
2021-11-23,348.1874694824219,0.014920642601804701
2021-11-24,353.6853942871094,0.015790128268717174
2021-11-26,350.2828369140625,-0.00962029370736417
2021-11-29,354.7929992675781,0.01287577317018851
2021-11-30,343.0486755371094,-0.033101903799436005
2021-12-01,338.5585327148437,-0.013088937933473987
2021-12-02,347.2794494628906,0.025758963090120268
2021-12-03,347.9280090332031,0.0018675437642958759
2021-12-06,347.399169921875,-0.001519967055246929
2021-12-07,359.2831420898437,0.03420840691888016
2021-12-08,358.2055053710937,-0.002999407966880141
2021-12-09,352.2286071777344,-0.01668566815344552
2021-12-10,358.1456298828125,0.016798813567383997
2021-12-13,364.2223205566406,0.01696709429573784
2021-12-14,362.7056579589844,-0.0041641121701117
2021-12-15,369.37103271484375,0.01837681494511756
2021-12-16,369.6903381347656,0.0008644571220839392
2021-12-17,375.05859375,0.014520951892655232
2021-12-20,373.5419006347656,-0.004043883117221259
2021-12-21,371.9254455566406,-0.004327372847271249
2021-12-22,376.7648620605469,0.013011791910777504
2021-12-23,373.4620971679688,-0.00876611708033248
2021-12-27,382.5222473144531,0.024259892008289707
2021-12-28,383.8892517089844,0.0035736598436522105
2021-12-29,384.1087951660156,0.0005718926905451394
2021-12-30,387.71087646484375,0.009377763134195582
2021-12-31,388.16986083984375,0.0011838315684744583
